2018-Feb-07 03:00:00.0000, -1.097058712636601E+08,  9.867303303510825E+07, -1.089122459014505E+04, -2.736998188268548E+01, -2.606877777257293E+01, -2.728987455198061E+00,
2018-Feb-08 03:00:00.0000, -1.117058728139168E+08,  9.648209725182356E+07, -8.340078880365938E+04, -2.256691575440819E+01, -2.526672623674185E+01, -6.973458111609645E-01,
2018-Feb-09 03:00:00.0000, -1.136331475271633E+08,  9.428888938951316E+07, -1.417504040325508E+05, -2.206535235518422E+01, -2.551700236833627E+01, -6.621438209685326E-01,
2018-Feb-10 03:00:00.0000, -1.155202662961427E+08,  9.207154058988436E+07, -1.984202430054098E+05, -2.162151231547883E+01, -2.581341896100421E+01, -6.510447782999673E-01,
2018-Feb-11 03:00:00.0000, -1.173696473407870E+08,  8.982811598885411E+07, -2.543876189342067E+05, -2.118894013248104E+01, -2.611794746358908E+01, -6.449564059334154E-01,
2018-Feb-12 03:00:00.0000, -1.191817497126009E+08,  8.755840651911628E+07, -3.099210810568891E+05, -2.075774036903612E+01, -2.642099619425657E+01, -6.407393742245215E-01,
2018-Feb-13 03:00:00.0000, -1.209565294766615E+08,  8.526271334697282E+07, -3.651313868823797E+05, -2.032467317750443E+01, -2.671904703917564E+01, -6.373723634781729E-01,
2018-Feb-14 03:00:00.0000, -1.226937618803739E+08,  8.294154711461464E+07, -4.200706798442490E+05, -1.988845661631535E+01, -2.701045633890661E+01, -6.344165739413885E-01,
2018-Feb-15 03:00:00.0000, -1.243931485919493E+08,  8.059552403857440E+07, -4.747639806364551E+05, -1.944856363751780E+01, -2.729432270798672E+01, -6.316516483022951E-01,
2018-Feb-16 03:00:00.0000, -1.260543623629762E+08,  7.822532153362612E+07, -5.292220071477965E+05, -1.900481114421094E+01, -2.757009128869924E+01, -6.289550301245423E-01,
2018-Feb-17 03:00:00.0000, -1.276770685071244E+08,  7.583165629737900E+07, -5.834472438467517E+05, -1.855719197106919E+01, -2.783738988969234E+01, -6.262535153982451E-01,
2018-Feb-18 03:00:00.0000, -1.292609363371242E+08,  7.341527222019935E+07, -6.374371334531344E+05, -1.810579695001510E+01, -2.809595248470226E+01, -6.235010873400491E-01,
2018-Feb-19 03:00:00.0000, -1.308056457348796E+08,  7.097693307763156E+07, -6.911858924220949E+05, -1.765077514854781E+01, -2.834558012279005E+01, -6.206677560354557E-01,
2018-Feb-20 03:00:00.0000, -1.323108911494760E+08,  6.851741774863248E+07, -7.446856091862619E+05, -1.719231198365878E+01, -2.858611948549857E+01, -6.177335072515504E-01,
2018-Feb-21 03:00:00.0000, -1.337763841370111E+08,  6.603751685744795E+07, -7.979269425491877E+05, -1.673061638816012E+01, -2.881745042203693E+01, -6.146848211543272E-01,
2018-Feb-22 03:00:00.0000, -1.352018550231245E+08,  6.353803026238918E+07, -8.508995846987143E+05, -1.626591286114634E+01, -2.903947833814263E+01, -6.115125695089088E-01,
2018-Feb-23 03:00:00.0000, -1.365870540094402E+08,  6.101976507234764E+07, -9.035925792615302E+05, -1.579843629630471E+01, -2.925212934248118E+01, -6.082106924398385E-01,
2018-Feb-24 03:00:00.0000, -1.379317519104594E+08,  5.848353400624742E+07, -9.559945466061272E+05, -1.532842846287402E+01, -2.945534702530840E+01, -6.047753360455932E-01,
2018-Feb-25 03:00:00.0000, -1.392357406339779E+08,  5.593015398422475E+07, -1.008093847812984E+06, -1.485613550937884E+01, -2.964909023681403E+01, -6.012042729605245E-01,
2018-Feb-26 03:00:00.0000, -1.404988334761650E+08,  5.336044488152761E+07, -1.059878706901204E+06, -1.438180612323352E+01, -2.983333149525092E+01, -5.974965024025440E-01,
2018-Feb-27 03:00:00.0000, -1.417208652776441E+08,  5.077522840116217E+07, -1.111337303906776E+06, -1.390569012499832E+01, -3.000805580105979E+01, -5.936519673418950E-01,
2018-Feb-28 03:00:00.0000, -1.429016924717320E+08,  4.817532703669370E+07, -1.162457847126728E+06, -1.342803735977320E+01, -3.017325971749154E+01, -5.896713499636714E-01,
2018-Mar-01 03:00:00.0000, -1.440411930464388E+08,  4.556156310631447E+07, -1.213228630140902E+06, -1.294909679786509E+01, -3.032895062857696E+01, -5.855559205174377E-01,
2018-Mar-02 03:00:00.0000, -1.451392664356495E+08,  4.293475784553461E+07, -1.263638077467924E+06, -1.246911578698038E+01, -3.047514611619955E+01, -5.813074231545681E-01,
2018-Mar-03 03:00:00.0000, -1.461958333507973E+08,  4.029573054998568E+07, -1.313674781544628E+06, -1.198833941728652E+01, -3.061187341792828E+01, -5.769279877549209E-01,
2018-Mar-04 03:00:00.0000, -1.472108355615684E+08,  3.764529776253150E+07, -1.363327532933345E+06, -1.150700997295200E+01, -3.073916894024097E+01, -5.724200603393541E-01,
2018-Mar-05 03:00:00.0000, -1.481842356322867E+08,  3.498427250066183E+07, -1.412585345134851E+06, -1.102536645209885E+01, -3.085707781033040E+01, -5.677863471127012E-01,
2018-Mar-06 03:00:00.0000, -1.491160166193141E+08,  3.231346352136924E+07, -1.461437475031791E+06, -1.054364414289423E+01, -3.096565345537420E+01, -5.630297688362038E-01,
2018-Mar-07 03:00:00.0000, -1.500061817339398E+08,  2.963367462146820E+07, -1.509873439752372E+06, -1.006207424733399E+01, -3.106495720166738E+01, -5.581534232706939E-01,
2018-Mar-08 03:00:00.0000, -1.508547539746016E+08,  2.694570397189031E+07, -1.557883030576879E+06, -9.580883546723591E+00, -3.115505788822139E+01, -5.531605540418010E-01,
2018-Mar-09 03:00:00.0000, -1.516617757318372E+08,  2.425034348489445E+07, -1.605456324383896E+06, -9.100294104343892E+00, -3.123603149090828E+01, -5.480545246293040E-01,
2018-Mar-10 03:00:00.0000, -1.524273083690259E+08,  2.154837821338138E+07, -1.652583693031741E+06, -8.620523001689364E+00, -3.130796075434776E+01, -5.428387964189572E-01,
2018-Mar-11 03:00:00.0000, -1.531514317816755E+08,  1.884058578176841E+07, -1.699255810987064E+06, -8.141782105288128E+00, -3.137093482963487E+01, -5.375169099496446E-01,
2018-Mar-12 03:00:00.0000, -1.538342439377954E+08,  1.612773584794704E+07, -1.745463661446025E+06, -7.664277861582787E+00, -3.142504891674615E+01, -5.320924686717472E-01,
2018-Mar-13 03:00:00.0000, -1.544758604016804E+08,  1.341058959595989E+07, -1.791198541141334E+06, -7.188211117763396E+00, -3.147040391101767E+01, -5.265691246926263E-01,
2018-Mar-14 03:00:00.0000, -1.550764138432723E+08,  1.068989925905462E+07, -1.836452063989002E+06, -6.713776966788459E+00, -3.150710605348548E+01, -5.209505661171541E-01,
2018-Mar-15 03:00:00.0000, -1.556360535351208E+08,  7.966407672781962E+06, -1.881216163699380E+06, -6.241164615118048E+00, -3.153526658513992E+01, -5.152405056911498E-01,
2018-Mar-16 03:00:00.0000, -1.561549448388555E+08,  5.240847857777278E+06, -1.925483095455552E+06, -5.770557271942497E+00, -3.155500140549423E+01, -5.094426705384620E-01,
2018-Mar-17 03:00:00.0000, -1.566332686829700E+08,  2.513942631856604E+06, -1.969245436746190E+06, -5.302132058731964E+00, -3.156643073577147E+01, -5.035607928280843E-01,
2018-Mar-18 03:00:00.0000, -1.570712210336376E+08, -2.135957490190391E+05, -2.012496087427780E+06, -4.836059938165971E+00, -3.156967878729739E+01, -4.975986012506830E-01,
2018-Mar-19 03:00:00.0000, -1.574690123601868E+08, -2.941065921366649E+06, -2.055228269082102E+06, -4.372505661452308E+00, -3.156487343564319E+01, -4.915598132161296E-01,
2018-Mar-20 03:00:00.0000, -1.578268670967865E+08, -5.667777716921214E+06, -2.097435523728230E+06, -3.911627733125147E+00, -3.155214590110771E+01, -4.854481277045597E-01,
2018-Mar-21 03:00:00.0000, -1.581450231018138E+08, -8.393052438063914E+06, -2.139111711943214E+06, -3.453578392433458E+00, -3.153163043611584E+01, -4.792672187202953E-01,
2018-Mar-22 03:00:00.0000, -1.584237311162968E+08, -1.111622310656055E+07, -2.180251010441902E+06, -2.998503610426853E+00, -3.150346402008953E+01, -4.730207293125748E-01,
2018-Mar-23 03:00:00.0000, -1.586632542227533E+08, -1.383663468627804E+07, -2.220847909163541E+06, -2.546543101858516E+00, -3.146778606229651E+01, -4.667122661334524E-01,
2018-Mar-24 03:00:00.0000, -1.588638673056661E+08, -1.655364428058690E+07, -2.260897207910405E+06, -2.097830351031178E+00, -3.142473811312001E+01, -4.603453945053833E-01,
2018-Mar-25 03:00:00.0000, -1.590258565147623E+08, -1.926662130520002E+07, -2.300394012581402E+06, -1.652492650714233E+00, -3.137446358413273E+01, -4.539236339714527E-01,
2018-Mar-26 03:00:00.0000, -1.591495187321879E+08, -2.197494763720787E+07, -2.339333731040617E+06, -1.210651153254420E+00, -3.131710747728141E+01, -4.474504542943549E-01,
2018-Mar-27 03:00:00.0000, -1.592351610445944E+08, -2.467801774112840E+07, -2.377712068658845E+06, -7.724209330097030E-01, -3.125281612345195E+01, -4.409292718754472E-01,
2018-Mar-28 03:00:00.0000, -1.592831002210766E+08, -2.737523877277617E+07, -2.415525023562092E+06, -3.379110592190628E-01, -3.118173693060259E+01, -4.343634465506749E-01,
2018-Mar-29 03:00:00.0000, -1.592936621978255E+08, -3.006603066179096E+07, -2.452768881618468E+06,  9.277532155483810E-02, -3.110401814163772E+01, -4.277562787306568E-01,
2018-Mar-30 03:00:00.0000, -1.592671815702880E+08, -3.274982617367200E+07, -2.489440211191442E+06,  5.195408942705297E-01, -3.101980860214723E+01, -4.211110068475215E-01,
2018-Mar-31 03:00:00.0000, -1.592040010935476E+08, -3.542607095217510E+07, -2.525535857684724E+06,  9.422940763627409E-01, -3.092925753812190E+01, -4.144308050811922E-01,
2018-Apr-01 03:00:00.0000, -1.591044711915754E+08, -3.809422354293895E+07, -2.561052937902238E+06,  1.360948911615799E+00, -3.083251434374116E+01, -4.077187813507308E-01,
2018-Apr-02 03:00:00.0000, -1.589689494759297E+08, -4.075375539921331E+07, -2.595988834245546E+06,  1.775424957669550E+00, -3.072972837928308E+01, -4.009779755594067E-01,
2018-Apr-03 03:00:00.0000, -1.587978002744250E+08, -4.340415087056509E+07, -2.630341188770667E+06,  2.185647167863061E+00, -3.062104877918566E+01, -3.942113580949993E-01,
2018-Apr-04 03:00:00.0000, -1.585913941702307E+08, -4.604490717543865E+07, -2.664107897126311E+06,  2.591545768053024E+00, -3.050662427022393E+01, -3.874218285835571E-01,
2018-Apr-05 03:00:00.0000, -1.583501075518079E+08, -4.867553435844012E+07, -2.697287102395069E+06,  2.993056129038599E+00, -3.038660299971827E+01, -3.806122148886395E-01,
2018-Apr-06 03:00:00.0000, -1.580743221740363E+08, -5.129555523320849E+07, -2.729877188858483E+06,  3.390118635185497E+00, -3.026113237364630E+01, -3.737852723478152E-01,
2018-Apr-07 03:00:00.0000, -1.577644247308349E+08, -5.390450531172115E+07, -2.761876775705773E+06,  3.782678549846744E+00, -3.013035890449218E+01, -3.669436832273050E-01,